      1 113
      1 118
      2 112
      3 110
      5 108
      5 109
      7 0
      7 107
     12 106
     14 104
     17 105
     23 103
     36 101
     40 100
     40 102
     47 99
     55 98
     69 97
     70 95
     77 96
     98 94
    103 91
    113 93
    114 92
    121 90
    126 87
    130 89
    151 85
    151 88
    172 84
    178 86
    187 82
    190 79
    190 83
    210 75
    214 81
    218 80
    223 76
    231 77
    259 73
    264 72
    270 74
    282 78
    290 70
    296 69
    320 65
    320 67
    324 66
    334 71
    376 63
    403 64
    418 61
    423 68
    446 62
    492 60
    506 58
    520 59
    567 57
    602 56
    645 55
    710 53
    758 54
    803 52
    810 51
    821 50
    845 49
    981 48
   1040 47
   1138 46
   1157 45
   1299 44
   1380 43
   1528 42
   1570 41
   1714 39
   1721 40
   2028 38
   2111 37
   2404 36
   2648 1
   2737 35
   2832 34
   3341 33
   3793 32
   4232 31
   4306 2
   4829 30
   5030 29
   5330 28
   5736 27
   6125 26
   6363 25
   6700 7
   6738 4
   6763 8
   6786 24
   7009 10
   7065 9
   7066 11
   7190 6
   7323 5
   7359 12
   7395 23
   7592 13
   7670 14
   7795 15
   7888 22
   8021 20
   8036 21
   8244 19
   8251 16
   8357 17
   8388 18
   9019 3
