      7 0
   2648 1
   4306 2
   9019 3
   6738 4
   7323 5
   7190 6
   6700 7
   6763 8
   7065 9
   7009 10
   7066 11
   7359 12
   7592 13
   7670 14
   7795 15
   8251 16
   8357 17
   8388 18
   8244 19
   8021 20
   8036 21
   7888 22
   7395 23
   6786 24
   6363 25
   6125 26
   5736 27
   5330 28
   5030 29
   4829 30
   4232 31
   3793 32
   3341 33
   2832 34
   2737 35
   2404 36
   2111 37
   2028 38
   1714 39
   1721 40
   1570 41
   1528 42
   1380 43
   1299 44
   1157 45
   1138 46
   1040 47
    981 48
    845 49
    821 50
    810 51
    803 52
    710 53
    758 54
    645 55
    602 56
    567 57
    506 58
    520 59
    492 60
    418 61
    446 62
    376 63
    403 64
    320 65
    324 66
    320 67
    423 68
    296 69
    290 70
    334 71
    264 72
    259 73
    270 74
    210 75
    223 76
    231 77
    282 78
    190 79
    218 80
    214 81
    187 82
    190 83
    172 84
    151 85
    178 86
    126 87
    151 88
    130 89
    121 90
    103 91
    114 92
    113 93
     98 94
     70 95
     77 96
     69 97
     55 98
     47 99
     40 100
     36 101
     40 102
     23 103
     14 104
     17 105
     12 106
      7 107
      5 108
      5 109
      3 110
      2 112
      1 113
      1 118
